#define FIRNbCOEFFS 64
const short CoeffsFIR[FIRNbCOEFFS] = {
    -24,
    -26,
    -29,
    -35,
    -42,
    -52,
    -63,
    -77,
    -93,
    -112,
    -133,
    -156,
    -181,
    -208,
    -236,
    -266,
    -297,
    -329,
    -362,
    -394,
    -426,
    -458,
    -488,
    -517,
    -544,
    -569,
    -591,
    -610,
    -626,
    -639,
    -648,
    -654,
    32135,
    -654,
    -648,
    -639,
    -626,
    -610,
    -591,
    -569,
    -544,
    -517,
    -488,
    -458,
    -426,
    -394,
    -362,
    -329,
    -297,
    -266,
    -236,
    -208,
    -181,
    -156,
    -133,
    -112,
    -93,
    -77,
    -63,
    -52,
    -42,
    -35,
    -29,
    -26
};
